3
562
21
508
4
11
427
670
265
13
400
6
535
7
373
643
454
616
14
5
24
10
157
20
455
24
644
13
590
5
6
293
20
185
50
212
21
563
3
158
19
10
16
428
671
2
77
23
22
78
20
429
267
456
19
213
2
13
16
321
672
51
3
18
12
159
240
17
9
23
618
510
11
2
565
673
4
3
22
18
106
160
322
52
511
13
5
8
295
268
214
7
9
403
12
457
242
485
458
9
4
12
107
620
6
3
53
512
14
7
23
80
13
539
20
674
269
323
5
22
459
567
648
1
24
486
5
675
11
4
297
594
189
8
22
108
378
15
14
7
6
81
540
21
541
55
10
5
460
18
14
21
16
23
325
19
352
3
622
595
433
8
82
244
24
487
514
13
650
407
110
7
542
488
16
299
8
1
9
515
22
56
569
461
15
272
24
17
18
23
353
14
5
354
22
597
9
543
516
14
3
8
138
165
23
4
624
6
7
246
111
57
84
651
24
13
382
45
652
47
274
463
29
625
247
48
25
544
26
32
112
409
40
490
193
46
42
27
43
355
140
518
113
33
25
86
572
42
46
356
44
599
545
35
26
48
27
29
329
59
302
40
43
491
573
25
41
357
168
32
27
47
28
303
46
60
438
48
26
546
519
31
45
600
42
465
87
654
27
628
601
42
47
38
46
88
28
196
547
250
439
32
33
466
385
358
493
31
41
48
37
655
197
575
26
89
629
44
45
548
440
494
42
35
27
143
37
46
48
62
656
278
28
683
41
43
171
333
387
279
522
26
39
41
306
46
28
441
42
144
45
43
225
414
576
48
25
35
32
360
523
37
48
631
33
39
145
38
226
28
47
334
44
172
604
442
41
46
30
577
685
415
64
43
40
308
497
48
659
42
389
27
605
146
578
44
26
200
443
37
47
227
43
92
34
362
45
41
498
27
471
579
34
390
32
336
606
417
309
363
38
31
29
48
525
552
42
45
40
37
35
120
5
553
148
364
337
202
21
20
94
175
445
12
23
10
256
607
13
18
634
391
3
4
19
14
24
17
95
21
23
15
554
7
608
662
8
500
149
527
16
257
22
2
68
1
365
6
635
122
339
15
177
20
21
474
258
96
312
123
69
5
7
690
609
10
204
24
18
231
14
11
16
13
6
23
475
313
367
2
19
205
5
15
16
178
97
556
9
124
12
286
10
8
583
70
664
13
422
71
341
503
125
18
15
10
2
4
12
233
611
21
314
692
11
20
530
1
19
584
476
5
261
15
639
19
16
180
8
693
72
477
9
24
17
423
126
612
2
234
531
13
342
23
10
18
613
18
316
5
235
181
14
23
10
424
15
16
13
73
9
343
24
208
127
694
20
19
478
586
398
21
182
16
18
317
2
11
19
587
1
479
695
290
3
22
209
5
128
8
560
24
344
425
480
588
75
3
19
10
210
642
23
24
18
14
5
696
129
669
21
13
102
183
16
237
615
20
715
708
697
11
47
704
29
20
701
10
45
2
44
15
714
707
705
37
718
700
18
710
699
27
